2.5585225,2.9268825,2.1354597,2.5775816,3.07656  ,2.2553189,3.868069 ,  2.795862 ,1.7046427#1_1_1
2.5366712,2.8775578,1.9891759,2.454285 ,3.0818112,2.3930244,3.7828786,  2.750876 ,1.6220701#1_2_1
2.3174236,3.0760767,2.136018 ,2.4519575,2.8785086,2.4042277,3.7161167,  2.662514 ,1.7256275#1_3_1
2.1512535,3.1963637,2.230184 ,2.2804523,3.0563958,2.3467793,3.6789687,  2.7049594,1.6587443#1_4_1
2.6032872,3.0530493,2.1427314,2.6933076,3.1173995,2.3592348,3.8662903,  3.068565 ,1.6947563#1_5_1
2.2922635,2.9080997,2.1809855,2.21633  ,3.0673544,2.2204685,3.6136308,  2.4063816,1.632183 #1_6_1
2.2235525,2.8835576,2.235273 ,2.1677983,3.1729648,2.222214 ,3.7035294,  2.6404955,1.6090032#1_7_1
2.4016662,3.0427635,2.1241515,2.5249214,3.1695368,2.2395358,3.9507365,  2.6965485,1.7089721#1_8_1
2.298801 ,2.9219372,2.114224 ,2.2011344,2.9942598,2.2096777,3.626481 ,  2.5066805,1.5670123#1_9_1
2.4813461,2.9219122,2.2255995,2.3923795,2.9862406,2.344016 ,3.764565 ,  2.7618055,1.8521085#1_10_1
2.5656292,2.9148643,2.1125233,2.2446814,3.1125402,2.287021 ,3.624225 ,  2.7116306,1.6531602#1_11_1
2.6029153,3.083827 ,2.3677535,2.572031 ,3.1209662,2.414158 ,3.7772708,  2.875503 ,1.9615659#1_12_1
2.2069032,2.881555 ,2.1096578,2.1456175,3.0258682,2.2075627,3.582004 ,  2.4751742,1.605543 #1_13_1
2.7791474,3.1027794,2.2926836,2.6804457,3.1773734,2.4462724,3.8440797,  2.8888097,2.0052738#1_14_1
2.2329562,2.86606  ,2.1668708,2.1847632,3.032645 ,2.1680877,3.6946695,  2.6754265,1.5778853#1_15_1
2.5704591,3.0222034,2.125879 ,2.4871533,3.1397843,2.2115955,3.8890665,  2.8460991,1.5679859#1_16_1
2.5098662,3.1122544,2.2776117,2.620979 ,2.9310057,2.395612 ,3.6661644,  2.8164873,1.7067634#1_17_1
2.473164 ,3.0283663,2.1396544,2.3019426,3.2677276,2.226737 ,3.9047322,  2.7659454,1.5083822#1_18_1
2.3243082,2.967261 ,2.0958426,2.438228 ,3.2204146,2.2349532,3.9532802,  2.8262763,1.5687889#1_19_1
2.2035763,2.8948197,2.1641688,2.088626 ,3.0713985,2.2203867,3.6086926,  2.3877773,1.6127584#1_20_1
2.1916308,2.891192 ,2.205851 ,2.1206813,2.996061 ,2.1841834,3.534537 ,  2.4023817,1.5828539#1_21_1
2.1834962,2.8754392,2.1056006,2.109201 ,3.0298064,2.100257 ,3.6544008,  2.2862158,1.6173882#1_22_1
2.203899 ,2.9283433,2.1937969,2.192171 ,3.0304883,2.1940491,3.5842462,  2.4443665,1.6025457#1_23_1
2.6268842,3.0182273,2.28905  ,2.4984975,3.1590269,2.2868814,3.8689132,  2.8363423,1.7028279#1_24_1
2.2153947,3.0606165,2.221096 ,2.274593 ,3.0432804,2.427711 ,3.662287 ,  2.716923 ,1.7515343#1_25_1
2.9942935,2.8077488,2.172568 ,2.5989988,3.5629303,2.3667064,4.056636 ,  3.050361 ,1.8337358#1_26_1
2.441168 ,3.1171074,2.2641335,2.491891 ,3.0328555,2.3452106,3.6774082,  2.7662423,1.6588144#1_27_1
2.1828756,3.1346004,2.1686637,2.2924173,2.8890076,2.3347626,3.6098742,  2.6230104,1.6699423#1_28_1
2.2459733,2.9562895,2.111294 ,2.131627 ,3.0548983,2.2415822,3.6158867,  2.5894494,1.5195985#1_29_1
2.3822129,2.9000728,2.0696862,2.1953306,3.2040462,2.192085 ,3.789822 ,  2.5943067,1.6865789#1_30_1
2.5076704,3.2204764,2.201824 ,2.6267703,3.0377278,2.3868134,3.8471522,  2.9407437,1.8223115#1_31_1
2.3946502,2.8630767,2.1743946,2.1540556,3.1156645,2.3002687,3.6817856,  2.5932484,1.6661904#1_32_1
2.980003 ,3.5573106,2.364647 ,2.9031615,3.231154 ,2.9655151,4.091612 ,  3.4149954,2.2452157#1_33_1
2.6246855,3.0538094,2.2550983,2.6918392,2.9322221,2.3798099,3.698688 ,  2.8585958,1.6963211#1_34_1
2.3384242,3.0252278,2.1502643,2.350639 ,3.0614004,2.2285614,3.7370539,  2.6046355,1.6410596#1_35_1
2.6218464,3.036735 ,2.2392209,2.4197733,3.2256062,2.4792933,3.876793 ,  2.9041486,1.6935711#1_36_1
2.5878274,3.1099591,2.3274388,2.8019426,2.9412332,2.4330885,3.7093859,  2.9794421,1.909962 #1_37_1
2.4250264,3.1515207,2.2450535,2.524764 ,3.089472 ,2.5292397,3.7559054,  2.8939455,2.0120018#1_38_1
3.2606578,3.3133378,2.3257086,2.9909308,3.5332882,2.5816846,4.4186306,  3.106173 ,2.2630484#1_39_1
2.5287528,3.0414321,2.0977702,2.5931041,2.9450738,2.350711 ,3.7210712,  2.8436916,1.6852616#1_41_1
2.5222743,2.4777427,1.6883925,2.139955 ,2.7652974,2.1378512,3.7215786,  2.54508  ,1.0448518#2_1_1
2.9688787,3.1313872,1.9250154,3.1494243,2.8166   ,2.4402964,3.9022663,  3.5866253,1.4398919#2_2_1
2.9177475,2.6970959,2.0810833,2.8933785,2.687186 ,2.4980276,3.6202648,  3.7217221,1.2172649#2_3_1
3.1102722,2.9127195,2.0404854,2.7214165,2.934781 ,2.4501317,3.9451706,  3.8068624,1.3318359#2_4_1
2.8192189,3.0238914,1.9927331,2.9365032,2.9882567,2.083289 ,4.0444646,  3.5280838,1.53224  #2_5_1
2.2131658,2.7492669,2.116367 ,2.645559 ,2.6655998,2.1663878,3.5387597,  3.2847378,1.3166909#2_6_1
2.8762057,2.9596872,2.0864623,3.0900486,2.8044884,2.2600515,3.7833917,  3.5965507,1.341875 #2_7_1
2.6576283,2.8173997,1.9865862,2.3002768,2.9022436,2.0828037,3.8466146,  2.6972344,1.3045874#2_8_1
2.2842948,2.5617852,2.0698566,2.1718082,2.609948 ,2.1483195,3.545303 ,  2.3771226,1.5198448#2_9_1
2.3667655,2.8755238,2.0392523,2.2602239,2.934294 ,2.339465 ,3.8581398,  2.7559767,1.4844818#2_10_1
2.3014693,2.7557187,2.3050282,2.40359  ,3.0157564,2.5008125,3.9396305,  3.0514278,1.5856918#2_11_1
3.2437718,2.7581844,2.255713 ,3.3613024,2.6908734,2.4630864,3.5775018,  4.075001 ,1.2724587#2_12_1
2.2136102,2.9118118,2.1713834,2.1401768,3.0476933,2.230724 ,3.673591 ,  2.456107 ,1.5370111#2_13_1
2.2023811,2.9002576,2.190919 ,2.0700438,3.0252573,2.1786263,3.5124047,  2.351268 ,1.5494374#2_14_1
2.9224505,2.8778715,2.1928155,2.7109313,2.862953 ,2.6286476,3.7139516,  3.819247 ,1.0844105#2_15_1
2.1703758,2.7990313,2.1222436,2.1929624,2.8847306,2.2747796,3.5956979,  2.4553773,1.4295046#2_16_1
2.1657972,2.8049073,1.8320583,2.061095 ,2.5602975,2.1616247,3.5003397,  2.3466167,1.383306 #2_17_1
3.0501323,2.9173949,2.1334326,3.092956 ,2.9121835,2.4181435,3.815235 ,  3.8529875,1.2424455#2_18_1
2.611149 ,2.3889763,1.9638696,2.2953906,2.7782364,2.2493258,3.601535 ,  3.035444 ,1.0292492#2_19_1
2.9421887,2.8750317,2.3425124,3.1249645,2.9333956,2.5991375,3.8106024,  3.7478726,1.5680343#2_20_1
2.362367 ,2.5474088,1.7620839,2.1847267,2.7251086,2.2883208,3.657146 ,  2.515256 ,1.1235671#2_21_1
3.024325 ,3.0541599,2.2454786,3.0523164,3.235448 ,2.6965623,4.0837536,  3.8073554,1.5985625#2_22_1
2.6931264,2.6548526,1.8516618,2.5956492,2.7900484,2.41328  ,3.9934044,  3.103223 ,1.4838994#2_23_1
3.1969073,2.86825  ,2.2384427,3.3481472,2.8720233,2.4330223,3.7787855,  4.0791845,1.243421 #2_24_1
2.9324005,3.3165522,2.5237927,2.7763362,3.3857553,2.755633 ,4.115907 ,  3.7803295,1.5352104#2_25_1
2.452442 ,2.8836458,2.0541694,2.159452 ,3.1385052,2.2352703,3.732854 ,  2.5236332,1.5556316#2_26_1
3.0949721,2.9509797,2.0260377,3.034004 ,2.8231945,2.6765761,3.97462  ,  3.3852313,1.5169816#2_27_1
2.4109502,2.945354 ,1.6861249,2.4547973,2.5637674,2.561097 ,3.7466664,  3.126609 ,1.1342961#2_28_1
2.2674947,2.7894714,2.0611153,2.1837184,3.0221395,2.142391 ,3.5914268,  2.320528 ,1.6275225#2_29_1
2.284798 ,2.99329  ,2.128757 ,2.4043255,3.0330687,2.3275878,3.842298 ,  2.6494846,1.512194 #2_30_1
2.200213 ,2.8750513,2.0999374,2.0904763,2.716531 ,2.164807 ,3.4757128,  2.3587646,1.466442 #2_31_1
2.6593165,2.885975 ,2.269748 ,2.612808 ,3.0910554,2.3986764,3.8106816,  3.7035267,0.827077 #2_32_1
2.2161963,2.900731 ,2.0737607,2.087375 ,2.7425551,2.160015 ,3.5067704,  2.372041 ,1.4458097#2_33_1
2.8704994,2.7604501,2.2719052,2.200817 ,2.7528453,2.525707 ,4.175591 ,  3.1875203,1.6853789#2_34_1
2.1574006,2.701577 ,2.1315503,2.078585 ,2.8596904,2.1447086,3.4729352,  2.3574488,1.4640198#2_35_1
2.3874938,2.8146632,1.7379624,2.3668902,2.6676197,2.394055 ,3.6810863,  2.939089 ,1.3546958#2_36_1
3.11959  ,3.5560648,2.7920685,3.1933508,3.5857723,2.9848013,4.4117002,  3.923288 ,1.9891037#2_37_1
2.9681306,3.0159547,1.8361284,3.011181 ,2.554377 ,2.5236585,3.9459548,  3.6073134,1.4356151#2_38_1
2.216865 ,2.9004471,2.1860337,2.0870721,3.0227997,2.1726139,3.5126133,  2.3586695,1.5734661#2_39_1
2.2075424,2.7970462,2.1839044,2.0868528,2.9196353,2.165129 ,3.5150337,  2.354767 ,1.501314 #2_41_1
2.7180336,3.0773385,2.3658493,2.8861725,3.2403395,2.4345424,4.142631 ,  2.7425544,2.283506 #3_1_1
2.7668555,2.9784682,2.2698455,2.633997 ,3.187419 ,2.3512836,3.9135392,  2.7790053,1.8890713#3_2_1
2.301443 ,2.8247805,2.2082   ,2.2651813,2.856457 ,2.210217 ,3.5593805,  2.4411688,1.7311229#3_3_1
2.1779788,2.8256829,2.1323414,1.8781189,3.1784818,2.3310812,3.6738923,  2.2215848,1.627764 #3_4_1
3.4903858,3.228842 ,2.4699876,3.4394596,3.4153438,2.6152825,4.45973  ,  3.1405516,2.4658458#3_5_1
2.6970687,3.0765886,2.2877016,2.7269063,3.5252032,2.1059175,4.193456 ,  2.804705 ,2.0517516#3_6_1
2.7556376,2.6903067,2.4642737,2.7528026,2.955647 ,2.3198442,3.8706508,  2.3474946,2.1741078#3_7_1
2.5770233,3.1257582,2.0659657,2.8321033,2.9508882,2.365765 ,3.8296702,  2.8975701,1.8921852#3_8_1
2.293413 ,2.924001 ,2.1869483,2.2896054,3.0437431,2.2278516,3.6100938,  2.5829248,1.6815947#3_9_1
3.000588 ,3.3266065,2.5158167,2.8380842,3.292796 ,2.8259003,3.939396 ,  3.0944457,2.45359  #3_10_1
2.9113436,2.96424  ,2.3671467,2.8057032,3.2365952,2.4774039,3.9709127,  3.0027282,2.0994914#3_11_1
2.3563232,2.8373866,2.1981282,2.211345 ,3.0474102,2.206239 ,3.7244616,  2.5961204,1.5645709#3_12_1
2.4508715,2.9841456,2.1916444,2.3021717,3.0177875,2.3149314,3.7339602,  2.641211 ,1.6717014#3_13_1
4.2260284,3.629531 ,2.353904 ,3.7389648,3.4965243,3.1301343,4.3066764,  3.8488197,2.8216634#3_14_1
2.559019 ,2.853116 ,2.2560282,2.5360246,3.323778 ,2.4593437,4.042238 ,  2.8454561,2.2092993#3_15_1
2.7387528,2.7000244,2.4168062,2.6505513,3.061765 ,2.324131 ,4.004009 ,  2.3474183,2.0628395#3_16_1
2.9228663,2.7989607,2.3340797,2.6708105,3.3471732,2.1876116,3.993329 ,  2.7300954,2.1510158#3_17_1
2.4175472,2.6074946,2.245625 ,2.0142581,3.212614 ,2.1534956,3.8431504,  2.150635 ,1.646969 #3_18_1
2.5107284,3.0547597,2.2596934,2.6228938,3.1197512,2.7091217,3.9483209,  2.8232434,2.1773355#3_19_1
3.0870392,3.6145198,2.4229963,3.219031 ,3.1236045,2.9815357,4.017945 ,  3.5765812,2.2783384#3_20_1
2.4748209,2.880445 ,2.2367558,2.2878532,3.1898665,2.3838718,3.7905679,  2.725584 ,2.0069356#3_21_1
2.785233 ,3.067119 ,2.3908165,2.7386637,3.0739622,2.411269 ,3.9267292,  2.857972 ,2.159377 #3_22_1
2.5667455,2.9723423,2.2142584,2.4843183,3.001629 ,2.3885329,3.7605178,  2.6094956,1.7956557#3_23_1
2.575738 ,3.1407647,2.0926523,2.4049468,3.2531176,2.3410268,3.8601096,  2.8605657,1.6994246#3_24_1
2.6622384,2.9805822,2.1606805,2.4022307,3.0070834,2.4799857,3.758996 ,  2.843308 ,2.0044672#3_25_1
3.0575476,3.087789 ,2.4443486,2.8745785,3.5224934,2.5747805,4.3047924,  2.8891551,2.1215398#3_26_1
3.2879498,2.9557488,2.51176  ,3.1161404,3.147198 ,2.446686 ,4.027938 ,  2.765134 ,2.4003656#3_27_1
2.3907368,2.8113928,2.1746519,2.3384023,2.8854942,2.2624526,3.6803207,  2.5082588,1.6839318#3_28_1
2.43923  ,2.9966624,2.1634283,2.3020117,3.1589818,2.1937099,3.7894306,  2.6146388,1.6604205#3_29_1
3.0689087,3.122344 ,2.5861216,3.1704378,3.4692256,2.2760155,4.332546 ,  2.8545961,2.2908018#3_30_1
2.8792813,2.7705572,2.4749663,2.826386 ,3.1320424,2.2261114,4.0669727,  2.5022068,2.2276497#3_31_1
3.117074 ,2.933937 ,2.4252622,3.2027729,3.1106796,2.4906254,4.096462 ,  2.9662735,2.3601155#3_32_1
3.5680296,3.1346374,2.5454779,3.4211905,3.549833 ,3.2952497,4.3314347,  3.65796  ,2.785027 #3_33_1
2.4422033,2.7820067,2.2138793,2.4718564,2.8560014,2.1868498,3.6079118,  2.4458842,1.8431827#3_34_1
2.4056208,2.9201393,2.2043912,2.3008025,3.0672226,2.2369208,3.670181 ,  2.5524075,1.6963874#3_35_1
3.2101216,3.1607912,2.1692142,2.9593961,3.254291 ,2.821494 ,4.087478 ,  3.0563333,2.195215 #3_36_1
4.299863 ,3.5569305,2.8092802,3.9099576,3.662138 ,3.1229472,4.722443 ,  3.7179692,3.1855369#3_37_1
2.3558574,2.868831 ,2.1440825,2.396511 ,3.0159347,2.0955756,3.7013733,  2.4174275,1.6851772#3_38_1
3.1417336,3.4046564,2.2419176,3.060928 ,3.3745348,2.5647433,4.1737146,  3.0994215,2.2826946#3_39_1
2.7825322,3.0028026,2.484769 ,2.6620996,3.2148213,2.360688 ,4.005683 ,  2.642594 ,2.1640015#3_41_1
2.7614465 ,2.8998003 ,2.0595431 ,2.648297  ,3.2239234 ,2.5146184 ,  3.8203104 ,3.8363683 ,0.97126555#4_1_1
3.1005664,3.2279947,1.97854  ,3.363444 ,2.7653306,2.6494966,4.087466 ,  3.6287239,1.5786929#4_2_1
3.2348404,2.7799973,2.1596162,3.37056  ,2.6684148,2.4721408,3.6449063,  4.031199 ,1.2919409#4_3_1
3.2741203,2.8868823,1.9549077,3.4693182,2.6015072,2.5206246,3.8619044,  3.7788112,1.4002289#4_4_1
3.2764215,3.0476217,1.9295568,3.5077815,2.654215 ,2.5275736,3.953869 ,  3.8391106,1.4662086#4_5_1
3.034548 ,2.7817998,1.9859405,2.9403048,2.7059066,2.458652 ,3.6991687,  3.9136546,1.1335406#4_6_1
3.2750204,2.7716048,2.0465024,3.4766233,2.4990127,2.5625248,3.5911224,  3.9424236,1.4065711#4_7_1
2.8232186,2.847257 ,2.1443124,2.9077783,3.0034137,2.4276917,3.9557235,  3.9216878,1.3463781#4_8_1
2.8409567,3.0992231,1.9886488,3.0640404,2.7475243,2.3366065,3.9003344,  3.5218709,1.4690365#4_9_1
3.228709 ,2.8496094,1.9912924,3.3873355,2.625569 ,2.4528089,3.7858264,  3.851364 ,1.2999362#4_10_1
3.3079162,3.3852286,2.120909 ,3.8760622,2.852877 ,3.1819468,4.4668655,  4.0578976,2.0462286#4_11_1
3.2158253,2.7931988,2.1102288,3.3490202,2.674115 ,2.43379  ,3.6951535,  3.9634898,1.2554564#4_12_1
3.1303012,2.8780437,1.94992  ,3.2405927,2.6353385,2.468164 ,3.8482556,  3.8497202,1.2557555#4_13_1
3.2122118,2.7996097,2.1848214,3.3494644,2.744601 ,2.432793 ,3.69712  ,  4.042772 ,1.2460136#4_14_1
3.0222652,2.8809795,2.2110703,2.9333694,3.0950193,2.762986 ,3.9729996,  3.9389877,1.3248297#4_15_1
3.3794696,2.7566307,2.01463  ,3.5495694,2.3487208,2.6158483,3.5139253,  3.8559268,1.4614022#4_16_1
3.26451  ,2.7532651,2.0705369,3.447915 ,2.664129 ,2.5720417,3.530732 ,  4.112827 ,1.4042526#4_17_1
3.0382125,2.7865002,1.9103904,3.0406187,2.6449347,2.4852264,3.645067 ,  3.6794887,1.2565968#4_18_1
3.0210028,2.800754 ,2.1511333,3.1190827,2.7571313,2.4762516,3.734607 ,  3.8451672,1.323768 #4_19_1
3.244578 ,2.9214015,2.002485 ,3.4271903,2.575868 ,2.4804137,3.9382975,  3.8815463,1.4373492#4_20_1
3.213816 ,2.7616975,2.1408587,3.3713255,2.708605 ,2.4594972,3.60618  ,  4.067305 ,1.2981036#4_21_1
3.1872337,2.8443189,2.103103 ,3.375471 ,2.4429994,2.5703595,3.5758836,  3.764068 ,1.5532578#4_22_1
3.0166807,3.14044  ,1.9770668,2.552152 ,3.1246772,2.6440132,3.9786217,  3.763384 ,1.0822111#4_23_1
3.2232351,2.7903728,2.1974375,3.3578815,2.6199248,2.4504724,3.6863825,  4.0204606,1.3583746#4_24_1
3.1897418,2.7531886,2.247902 ,3.3310256,2.6769574,2.4529204,3.5539405,  4.0512757,1.2647537#4_25_1
3.2134905,2.866238 ,2.185377 ,3.3510718,2.855511 ,2.4138653,3.77304  ,  4.0765796,1.24154  #4_26_1
3.2996   ,2.7551003,2.2931073,3.4619715,2.5869596,2.5881112,3.542979 ,  4.2079415,1.4736046#4_27_1
3.2362394,2.7925198,2.0054622,3.384448 ,2.4871306,2.4715512,3.6224306,  3.8810456,1.3074063#4_28_1
3.1787694,2.7581098,2.201009 ,3.231874 ,2.666754 ,2.4207854,3.5881422,  3.9600632,1.2580787#4_29_1
3.461128 ,2.8065865,2.1523123,3.578853 ,2.429301 ,2.6724036,3.5374677,  3.9543197,1.5274707#4_30_1
3.3319578,3.1756637,1.8643734,2.876275 ,2.833649 ,2.6602657,4.029408 ,  4.026621 ,1.128296 #4_31_1
3.3877015,2.7816825,2.0243545,3.5292258,2.470199 ,2.605496 ,3.584853 ,  3.9209344,1.4845648#4_32_1
3.057865 ,3.51731  ,1.9943947,3.0956883,2.7083747,2.9823704,3.9723394,  3.3817935,1.6715115#4_33_1
3.246621 ,2.749995 ,2.2580652,3.3783033,2.6564877,2.4873848,3.523646 ,  4.0888505,1.2951899#4_34_1
3.2005644,2.7817972,2.0124125,3.3638568,2.631553 ,2.4471457,3.639149 ,  3.9066308,1.2806163#4_35_1
3.1256113,2.7533958,2.2429328,3.2644272,2.6983778,2.4443388,3.578583 ,  4.005497 ,1.2764564#4_36_1
3.1774762,2.761546 ,2.223378 ,3.3446333,2.6768482,2.4645338,3.5929868,  4.044876 ,1.2864416#4_37_1
3.2534783,2.7498102,2.266126 ,3.389187 ,2.6550477,2.4976676,3.5093129,  4.1091657,1.3302627#4_38_1
3.1169093,2.830323 ,1.8842249,3.3530474,2.8070939,2.1618078,3.753846 ,  3.8065064,1.2888341#4_39_1
3.2117271,3.3291516,2.0788288,3.0991557,2.7580023,2.8642015,3.932202 ,  3.5402958,1.6797888#4_41_1
2.6490035,3.229505 ,2.312396 ,2.7795937,3.255177 ,2.3262236,4.109362 ,  2.8797362,2.0080056#5_1_1
2.590457 ,2.90561  ,2.2035077,2.5369513,3.0650158,2.2173867,3.8509643,  2.6595404,1.7228264#5_2_1
2.3252473,2.911038 ,2.16566  ,2.4188225,3.0200386,2.2681508,3.8194885,  2.4696941,1.780069 #5_3_1
2.8303993,3.3131068,2.315858 ,3.0148575,3.1856318,2.5210512,3.9973795,  3.0730886,2.1456964#5_4_1
2.9571078,3.1404586,2.3539898,2.8804932,3.4294772,2.4785872,4.356428 ,  2.990522 ,2.3875272#5_5_1
2.9874833,3.2210073,2.161294 ,2.9879045,3.0119743,2.636045 ,4.0174885,  2.976273 ,2.2247002#5_6_1
2.9882894,3.1036708,2.1383336,2.909357 ,3.338074 ,2.2442703,4.1503034,  3.0477803,1.9014702#5_7_1
3.0493467,2.883885 ,2.2799556,2.8121696,3.2652798,2.2603853,3.9771018,  2.8655534,1.9862903#5_8_1
2.8798325,2.9775689,2.213782 ,2.63572  ,3.2681375,2.2820163,4.1240244,  2.5820549,1.8443722#5_9_1
3.3339796,3.3467617,2.379154 ,3.4559956,3.2185915,2.6491158,4.405472 ,  3.1149528,2.4511342#5_10_1
2.956432 ,2.773768 ,2.3197365,2.7167854,3.1724787,2.3848336,4.2497363,  2.6407156,1.9212791#5_11_1
2.6657808,2.757423 ,2.3305898,2.5260656,3.2556477,2.2325025,4.0084395,  2.476134 ,2.0166535#5_12_1
2.641542 ,2.7502294,2.3184023,2.4895825,3.2540894,2.1508298,3.938669 ,  2.6085835,1.8116535#5_13_1
2.9440963,3.2231052,1.9680248,2.7029521,3.3713083,2.5748217,4.1479177,  3.054283 ,1.8816919#5_14_1
3.2373524,3.4755113,2.5877955,3.3774304,3.5211701,2.7892718,4.4639554,  3.3570254,2.7898667#5_15_1
3.1311564,3.2912524,2.4956012,3.291429 ,3.3800752,2.6710756,4.211471 ,  3.127443 ,2.5300891#5_16_1
2.8041298,2.9793339,2.374997 ,2.7472603,3.2398891,2.3540325,4.060284 ,  2.8386815,1.825221 #5_17_1
2.7428591,3.064476 ,2.4516532,3.0704114,3.2781553,2.30055  ,4.216627 ,  2.905535 ,2.0978363#5_18_1
2.7429044,3.142085 ,2.389791 ,2.9338923,3.355037 ,2.41567  ,4.240952 ,  2.7341383,2.2027304#5_19_1
3.244324 ,3.0723453,2.2198656,2.8898473,3.3626287,2.3152657,4.143314 ,  3.0894194,2.0850081#5_20_1
2.984659 ,2.9048986,2.4699302,2.8723907,3.3046975,2.3683913,3.9941926,  2.667145 ,2.3269498#5_21_1
2.862817 ,3.083153 ,2.335595 ,2.8438103,3.1797905,2.3218122,4.145242 ,  2.8440204,1.857263 #5_22_1
3.0074742,3.1282609,2.125316 ,2.965384 ,3.438601 ,2.4169948,4.1139574,  2.825645 ,2.2320313#5_23_1
3.1132362,3.4044733,2.3385336,3.1626217,3.5000706,2.5376954,4.449439 ,  2.8949661,2.271803 #5_24_1
2.6787698,2.7012346,2.0758774,2.550351 ,3.0027962,2.1716583,3.7534456,  2.5974371,1.7952663#5_25_1
2.9039755,3.3447535,2.319274 ,3.160387 ,3.345878 ,2.3469133,4.2284136,  3.050374 ,2.2543821#5_26_1
3.397562 ,2.874793 ,2.5001037,3.0265477,3.5314445,2.2269347,4.371422 ,  2.566568 ,2.2640204#5_27_1
2.2988875,2.7743273,2.1113484,2.280898 ,3.0604475,2.2030294,3.7308304,  2.517125 ,1.6773624#5_28_1
2.8285403,3.0119936,2.2897558,2.6945217,3.1433253,2.3697696,4.0141435,  2.7045217,2.0389438#5_29_1
2.8461938,2.9696834,2.1255758,2.5759444,3.1225405,2.4463177,3.974925 ,  2.9752235,1.6603361#5_30_1
2.7979984,3.2425766,2.3487308,2.8110588,3.295296 ,2.3512092,4.046264 ,  2.8290288,2.008698 #5_31_1
3.2312639,3.437429 ,2.5692122,3.3997598,3.7613268,2.2573864,4.6602144,  3.181821 ,2.5887709#5_32_1
2.9189143,3.1737504,2.31138  ,3.1473   ,3.2886534,2.5371566,4.3209567,  3.2963622,2.4644356#5_33_1
2.6272829,2.6480005,2.200563 ,2.5779107,3.072017 ,2.2280526,3.8121898,  2.5836203,1.8095727#5_34_1
2.657226 ,2.974847 ,2.2723286,2.6852047,3.3435526,2.4813914,3.9652343,  2.9547877,2.0652287#5_35_1
3.1794877,2.6626854,2.1213198,3.2414956,3.2267425,2.5040305,4.248715 ,  3.2220428,2.2918909#5_36_1
3.161126 ,3.8591304,2.705945 ,3.356851 ,3.3415112,3.1539347,4.410983 ,  3.4260566,2.8043435#5_37_1
2.6822388,2.9766765,2.1897645,2.553461 ,3.103371 ,2.3444593,3.8042812,  2.833943 ,1.854594 #5_38_1
2.586757 ,3.0088382,2.0971212,2.6386514,3.0960839,2.2191832,3.8891366,  2.6766932,1.7697612#5_39_1
2.9453142,3.204302 ,2.2553434,3.0978448,3.4639976,2.5762663,4.1939797,  2.9049952,2.26367  #5_41_1
2.7501128,3.280381 ,2.1026018,2.875761 ,2.7773569,2.8688507,4.3322725,  3.2051191,2.0892217#6_1_1
2.1891668,2.7317743,2.1054428,2.0873544,2.9596207,2.1013775,3.4845796,  2.3443127,1.5218705#6_2_1
2.8602138,2.626068 ,2.2631855,2.7991428,3.3813639,2.5173554,4.130918 ,  3.868143 ,1.3672944#6_3_1
2.6194634,3.0837405,2.383689 ,2.4577205,3.6111782,2.4617426,4.024228 ,  3.669267 ,1.061889 #6_4_1
2.6842835,3.211081 ,2.4432619,2.6130416,3.583133 ,2.8287826,4.1786213,  3.5399733,1.468482 #6_5_1
2.8039336,3.0285423,2.3943846,2.7593722,3.4601617,2.7082534,4.286383 ,  3.9876814,1.3767681#6_6_1
2.9323778,3.0135345,2.158397 ,2.7385738,3.3687778,2.6037197,4.0424023,  3.7943144,1.4112004#6_7_1
2.8674328,3.1474652,1.9928845,3.1461315,2.4311013,2.6367176,3.8983526,  3.694689 ,1.6740235#6_8_1
2.9719298,3.3671412,2.4838848,2.8901749,3.714162 ,2.6820593,4.1255326,  3.9088464,1.5054897#6_9_1
2.8740897,3.0988083,2.2022707,2.5907218,3.3664818,2.5581796,3.9626925,  3.7684064,1.0963773#6_10_1
2.3402467,2.8748398,1.9861084,2.1665208,3.2093725,2.1427555,3.9066913,  2.75585  ,1.4321816#6_11_1
2.2061675,2.5635054,2.1334538,2.167825 ,3.1634307,2.2006931,3.8135884,  2.59275  ,1.5903069#6_12_1
2.1862016,2.8040876,1.9461707,2.0346181,2.9031355,2.1315954,3.46823  ,  2.328317 ,1.4827906#6_13_1
2.2127278,2.8574233,2.162825 ,2.087244 ,3.026159 ,2.1557982,3.50967  ,  2.3683057,1.577729 #6_14_1
3.091589 ,2.906666 ,2.014129 ,2.7046118,3.192027 ,2.5761955,3.7897577,  3.675327 ,1.3394746#6_15_1
2.2731936,2.8578892,2.2033038,2.1957664,3.1910958,2.2034612,3.8446255,  2.944717 ,1.4077132#6_16_1
3.0347214,2.4118922,1.9800072,2.9412615,2.8505614,2.3895316,3.6740532,  3.8841033,1.0373901#6_17_1
2.7426882,2.7739162,1.851316 ,2.7891963,2.5855393,2.2009723,3.7955968,  3.4326465,0.8687081#6_18_1
2.8702745,3.3116062,2.0363944,2.8058965,2.6961563,2.8562493,4.0231595,  3.4578388,1.7262051#6_19_1
2.8205497,2.6574292,2.2413704,3.0410876,2.6740375,2.484817 ,3.6082046,  4.0446725,1.2570237#6_20_1
3.0589054,3.04399  ,1.5635309,2.584009 ,3.213914 ,2.1830542,3.7484584,  3.434012 ,1.0290017#6_21_1
2.5076404,3.0488653,2.3342886,2.498475 ,3.7049685,2.62617  ,4.3382134,  3.3990858,1.6528935#6_22_1
2.2252653,2.375167 ,2.013203 ,2.2690158,2.8038032,1.9787254,3.5717356,  2.6662369,1.3947511#6_23_1
2.6516752,2.9365423,1.9158051,2.600165 ,2.8528438,2.5748518,3.9113283,  3.498591 ,1.1859993#6_24_1
2.7704074 ,2.7433062 ,2.0907764 ,2.4502878 ,3.1746562 ,2.3081892 ,  3.8125193 ,3.6508338 ,0.81896967#6_25_1
2.2780435,2.6043448,2.1589773,2.3376172,2.9737725,2.273887 ,3.5876584,  3.1751733,1.3107047#6_26_1
2.942441 ,3.3580616,2.2179122,2.6009815,3.737452 ,2.8519032,4.526396 ,  3.2874343,1.9011755#6_27_1
2.755036 ,2.599946 ,2.1723695,2.8109105,3.0079217,2.0727143,3.9010966,  3.26863  ,1.515133 #6_28_1
2.4490755,3.0144184,2.398739 ,2.2984948,3.229482 ,2.4758189,4.007436 ,  3.0075393,1.5199035#6_29_1
2.241516 ,2.9215996,2.2036202,2.2172177,3.1310825,2.2369714,3.917701 ,  2.5950437,1.5623882#6_30_1
2.6741014,3.2325983,2.0443876,3.0137618,2.7190664,2.860612 ,4.358832 ,  3.6643155,1.8487259#6_31_1
2.9751513,3.4716952,1.9954711,3.2646513,2.708195 ,3.0473258,4.1921945,  3.6641614,1.7695057#6_32_1
2.2166007,2.9099736,1.7560732,2.4050212,2.5882497,2.345143 ,3.6912274,  2.8757567,1.4539636#6_33_1
2.803312 ,2.8889666,2.3574452,2.5692766,3.4760883,2.6447625,4.029442 ,  3.729356 ,1.1451193#6_34_1
2.78355  ,3.11711  ,2.5988963,2.5487413,3.6743636,2.8311114,4.3544145,  3.6352663,1.4847727#6_35_1
2.199607 ,2.9071493,1.9510565,2.0860662,2.913424 ,2.1833043,3.509007 ,  2.3876202,1.5072594#6_36_1
3.1434665,2.7440274,2.1841066,3.306977 ,2.5503483,2.4635186,3.5929801,  3.9235663,1.2687068#6_37_1
2.2221816,2.8561428,2.2010164,2.1065505,3.0470698,2.169938 ,3.6330595,  2.4410233,1.555351 #6_38_1
2.854211 ,2.7994244,2.1076803,2.566532 ,3.0716994,2.5159707,3.6895726,  3.5822933,1.3495847#6_39_1
2.544848 ,3.0017204,2.3249245,2.3322158,3.5289857,2.333292 ,4.2684093,  2.9622917,1.5133336#6_41_1
3.0568035,3.0755076,2.2575345,3.1843488,3.2826662,1.9911968,4.035486 ,  3.0544202,2.0326009#7_1_1
3.1013896,3.021007 ,2.0116608,3.1729178,2.8081465,2.395381 ,3.7964115,  3.1629243,1.9836298#7_2_1
3.4169602,3.4115772,2.4880996,3.6716828,3.3681936,2.3026142,4.3111224,  3.3087816,2.516203 #7_3_1
2.8687143,3.1041126,2.1042593,3.2076747,2.9609742,2.4127753,4.03523  ,  3.0979264,2.360429 #7_4_1
3.1340797,3.2922118,2.4418821,3.1906726,3.513392 ,2.3264918,4.2573123,  3.134047 ,2.370985 #7_5_1
3.0677779,2.8943157,2.0249503,3.0987103,2.8585439,2.3527668,3.814042 ,  3.011779 ,2.1583326#7_6_1
2.9116423,2.960177 ,2.0394437,3.0135195,2.7582839,2.1089814,3.489796 ,  2.9493668,2.1305845#7_7_1
3.2604046,3.097988 ,2.3194304,3.3456016,3.2843146,2.1625443,4.1351237,  3.1616004,2.371122 #7_8_1
2.929295 ,2.9810855,2.2949882,2.987783 ,3.1015935,2.2032595,4.0382752,  2.8518398,1.9410808#7_9_1
2.9420996,3.0578134,1.9997275,3.139174 ,2.9536366,2.3597486,4.045959 ,  3.260599 ,2.455957 #7_10_1
3.15655  ,3.136224 ,2.121423 ,3.108626 ,3.1010404,2.278303 ,3.9734344,  3.1033468,2.002171 #7_11_1
2.5643766,3.1015048,2.1653244,2.789549 ,2.92864  ,2.31603  ,3.979526 ,  2.6897352,2.027129 #7_12_1
2.8571029,2.966341 ,2.1720316,2.7680354,3.1198375,2.2690482,4.0498405,  2.6946292,2.0653763#7_13_1
3.022171 ,3.6351857,2.619455 ,3.5533714,3.5624678,2.6585917,4.5312347,  3.1396513,2.5506392#7_14_1
2.678386 ,3.665233 ,2.6601145,2.7856393,3.444804 ,2.990267 ,3.765529 ,  3.7531326,2.1541965#7_15_1
3.1227014,2.6781294,1.9577675,2.7501616,3.0734527,2.315397 ,3.6266837,  3.1593876,1.8794128#7_16_1
3.1233008,3.115378 ,2.357329 ,3.1203227,3.3884535,2.1395133,4.159891 ,  3.0893323,2.2260993#7_17_1
2.8658664,3.0082493,2.0405655,3.08694  ,2.8440301,2.379023 ,3.8229384,  3.1266723,1.9822574#7_18_1
2.7892234,2.973412 ,2.2948766,3.040498 ,3.1029894,1.9525675,3.9438899,  2.888918 ,2.1643662#7_19_1
3.1745923,3.4276328,2.1825614,3.000428 ,3.0972521,2.926208 ,4.0520735,  3.377679 ,2.3345501#7_20_1
3.3151357,2.6418054,2.2190125,3.1081371,2.8716762,2.3471885,3.484129 ,  3.2536206,2.154921 #7_21_1
2.820192 ,3.0352278,2.1911378,2.7015235,3.1228921,2.4270487,3.9241936,  3.163004 ,1.9515002#7_22_1
2.8950403,3.101418 ,2.3234942,2.9126358,3.099917 ,2.373495 ,3.924465 ,  3.0416205,2.2616134#7_23_1
3.128124 ,2.9857402,2.0876272,2.9982476,2.940619 ,2.1715796,4.120078 ,  3.0794415,2.0391045#7_24_1
3.1805077,3.2886002,2.0323727,3.1375823,2.5757883,2.733984 ,3.726416 ,  3.357852 ,2.2614772#7_25_1
2.316947 ,3.1382756,2.265357 ,3.0386102,2.9765153,2.20164  ,3.7743835,  3.198336 ,1.8842069#7_26_1
3.1959403,3.0542057,2.3831527,3.211638 ,3.3394227,2.1050384,4.1698937,  2.866573 ,2.3951411#7_27_1
2.9015403,3.043382 ,2.2605114,3.0735202,3.010768 ,2.309186 ,4.0885057,  2.8658617,2.1507864#7_28_1
2.7542973,3.0541728,2.074144 ,2.9701426,2.8641565,2.187814 ,3.6879184,  2.9811246,2.0710785#7_29_1
2.8728147,3.0800347,2.19614  ,3.0782697,2.938632 ,2.6041124,3.7148724,  3.1319256,2.168731 #7_30_1
3.310978 ,2.867012 ,2.011084 ,3.2805755,2.9678462,2.341758 ,3.7815163,  3.204724 ,2.07227  #7_31_1
2.6879988,3.9339705,2.8141568,3.066827 ,3.5256085,3.1742437,3.9948711,  3.760138 ,2.3922794#7_32_1
3.1733332,3.158339 ,2.1495893,3.06098  ,3.2122176,2.476946 ,4.0772324,  3.2274866,2.0080535#7_33_1
3.109107 ,3.0582113,2.3332071,3.0531662,3.3609593,2.0933878,4.2262754,  2.7225986,2.3403587#7_34_1
3.7270482,3.1891098,2.5142868,3.5640154,3.060885 ,2.8189187,3.819498 ,  3.518504 ,2.481503 #7_35_1
3.0011976,3.0938997,2.2123036,2.9433465,3.2652025,2.1398358,4.1373353,  3.305946 ,1.9222381#7_36_1
2.6326072,3.1858387,2.1236165,3.039985 ,2.9406357,2.2215087,3.7771137,  3.1299455,2.1270394#7_37_1
3.3716898,3.3535361,2.136809 ,3.3976378,2.6260152,2.7002366,3.852298 ,  3.2819166,2.5232718#7_38_1
2.8980343,3.1261563,2.4047267,3.0289237,3.1363688,2.3773015,4.019937 ,  3.1572592,1.9901063#7_39_1
3.4688253,3.2472405,2.3792348,3.4493053,3.2190683,2.8465526,4.311965 ,  3.0998125,2.4779282#7_41_1
3.2135618,2.8348925,2.2397425,3.3524506,2.7931602,2.4330041,3.7130992,  4.1198826,1.2995045#8_1_1
3.2483537,2.7609887,2.0244753,3.4116971,2.6206648,2.573765 ,3.6846354,  4.0806727,1.6677222#8_2_1
3.24979  ,2.7940469,2.2621405,3.4230657,2.767337 ,2.5357537,3.6601546,  4.4277887,1.7107048#8_3_1
3.2135618,2.8405273,2.058571 ,3.3513322,2.7491372,2.4330475,3.6273868,  4.0836053,1.2420111#8_4_1
3.2191427,2.798319 ,2.2417452,3.3748577,2.7734435,2.4726193,3.7332304,  4.2624054,1.4779451#8_5_1
3.1715064,2.7517533,2.0416071,3.2400987,2.7404935,2.363165 ,3.5932333,  4.085612 ,1.2419335#8_6_1
3.127081 ,2.7519884,2.0739002,3.4428902,2.677235 ,2.5577812,3.6251838,  3.985421 ,1.5530246#8_7_1
2.9676623,2.840826 ,2.0949304,3.1610887,2.7416465,2.4006817,3.6039867,  4.021095 ,1.1982305#8_8_1
3.1084807,2.7786555,1.9792912,3.3894978,2.7792895,2.4962842,3.6946661,  3.974213 ,1.5764654#8_9_1
3.2135618,2.7926033,2.2397149,3.3519022,2.6959317,2.4341567,3.5573018,  4.0847325,1.2488174#8_10_1
3.2135406,2.8404558,2.2210686,3.345937 ,2.852659 ,2.4330332,3.747473 ,  4.0842466,1.2421916#8_11_1
3.1998458,2.7898722,2.0095928,3.337656 ,2.7539518,2.424415 ,3.7059963,  3.9462974,1.3395655#8_12_1
3.2135618,2.812046 ,2.1216733,3.3525438,2.7102587,2.4330432,3.5967987,  4.065031 ,1.3402704#8_13_1
2.2172382,2.909971 ,2.1988606,2.0857897,3.0257535,2.1842349,3.5120983,  2.363573 ,1.5750606#8_14_1
3.170031 ,2.9787815,2.021309 ,3.2895505,2.825427 ,2.6050467,3.872528 ,  3.9519846,1.5920717#8_15_1
3.213075 ,2.867823 ,2.2337337,3.352281 ,2.8322375,2.4348547,3.7123306,  4.085866 ,1.2521138#8_16_1
3.1740913,2.883354 ,2.2381175,3.3213296,2.8530104,2.4326727,3.751087 ,  4.059023 ,1.2420406#8_17_1
3.25236  ,2.74965  ,2.2671611,3.3900592,2.6661942,2.5012035,3.5430691,  4.110777 ,1.3317773#8_18_1
3.2134886,2.7662055,2.1403716,3.3766065,2.6659052,2.4339342,3.55354  ,  4.099127 ,1.3261964#8_19_1
3.219298 ,2.7667704,2.2412791,3.378621 ,2.6595123,2.4789116,3.5118344,  4.0973225,1.2952793#8_20_1
3.1637673,2.8598216,2.220241 ,3.3217614,2.8366373,2.4657998,3.7726104,  3.9694092,1.2893994#8_21_1
3.288938 ,2.7736619,2.3036773,3.4774778,2.6738021,2.596141 ,3.5518215,  4.199286 ,1.450239 #8_22_1
3.1566074,2.85182  ,1.8535748,3.3498862,2.679407 ,2.3634121,3.705279 ,  3.7940142,1.27642  #8_23_1
3.1859083,2.8046563,2.1946747,3.3198106,2.729594 ,2.4327798,3.6502588,  4.0278416,1.2428572#8_24_1
3.122307 ,2.8576014,2.0161424,3.2524624,2.7705967,2.3802426,3.67089  ,  4.002118 ,1.207417 #8_25_1
3.4977598,2.8180382,2.1519408,3.6591806,2.725149 ,2.819498 ,3.5742924,  4.2118487,1.6261553#8_26_1
3.213568 ,2.8186314,2.2076545,3.355035 ,2.696695 ,2.4400418,3.6063263,  4.1000595,1.2817059#8_27_1
3.214047 ,2.7996173,2.1678307,3.3526735,2.700226 ,2.4406815,3.6126053,  4.0663733,1.2963035#8_28_1
3.4770234,3.0077844,2.0406296,3.7062664,2.5380907,2.7628481,3.7861135,  3.870674 ,1.7280723#8_29_1
3.062791 ,2.6495051,2.057023 ,3.0858314,2.649594 ,2.5489519,3.5118601,  3.9171655,1.3062891#8_30_1
3.1290884,2.893403 ,2.1917272,3.244602 ,2.8770783,2.4329386,3.7748272,  3.8888304,1.2421786#8_31_1
3.2274098,2.8396914,2.250269 ,3.349629 ,2.7442954,2.465793 ,3.590081 ,  4.2230225,1.5113868#8_32_1
3.2498837,2.8766963,2.0149405,3.7556033,2.7405303,2.8212366,4.090783 ,  4.2565002,2.0424464#8_33_1
3.187154 ,2.7619672,2.11649  ,3.3215408,2.7321699,2.4543145,3.616265 ,  4.028908 ,1.3287792#8_34_1
3.1300077,2.8147068,2.0595691,3.2210155,2.5705287,2.495202 ,3.6719773,  3.9277656,1.3715119#8_35_1
3.127796 ,2.7757268,1.9846293,3.3398774,2.591673 ,2.4998446,3.540252 ,  3.8901165,1.4131515#8_36_1
3.1544592,2.767995 ,2.0801888,3.302826 ,2.731372 ,2.3920114,3.6493042,  4.010902 ,1.2415127#8_37_1
3.118579 ,2.753214 ,2.0565252,3.2444234,2.791126 ,2.422189 ,3.635824 ,  3.9946811,1.4215868#8_38_1
3.2868073,2.772396 ,1.953803 ,3.4083421,2.6831634,2.4916542,3.6517224,  4.0155635,1.344079 #8_39_1
3.213562 ,2.838694 ,2.207032 ,3.354095 ,2.8530219,2.4404197,3.747525 ,  4.083972 ,1.2492594#8_41_1
2.213804 ,2.799048 ,2.0656066,2.158302 ,2.9665918,2.1592505,3.5508745,  2.442419 ,1.5290273#9_1_1
2.208276 ,2.91281  ,2.1928031,2.1068325,3.0415285,2.1920588,3.6429138,  2.4059572,1.5320747#9_2_1
2.2154355,2.4732604,2.200253 ,2.08846  ,3.006067 ,2.0453863,3.541644 ,  2.3501399,1.4138833#9_3_1
2.2176058,2.9130914,2.2006235,2.0876217,3.02624  ,2.1849134,3.512794 ,  2.364222 ,1.5756208#9_4_1
2.2174346,2.5250597,1.9445597,2.0876164,2.7960916,1.9537351,3.4163952,  2.3647728,1.3628907#9_5_1
2.2212203,2.7252457,1.7945707,2.1406302,2.620243 ,2.2051558,3.6198578,  2.777279 ,1.2570385#9_6_1
2.2083952,2.4889195,1.8999386,2.098441 ,2.862268 ,1.9707811,3.5038183,  2.43736  ,1.4481186#9_7_1
2.6344452,2.7183251,2.1738834,2.5697892,2.6635242,2.4494963,3.5519707,  3.5856867,1.3346207#9_8_1
2.1845517,2.714411 ,1.9916975,2.0852635,2.9007897,2.106355 ,3.421401 ,  2.3612678,1.4396766#9_9_1
2.217622 ,2.9139702,1.6180421,2.2481241,2.608982 ,2.29031  ,3.581995 ,  2.7035277,1.3430024#9_10_1
2.2211623,2.568406 ,1.9711015,2.1235247,2.8074286,2.1374304,3.5112262,  2.3526316,1.4667541#9_11_1
2.3917894,2.6535707,1.4269736,2.335728 ,2.3382647,2.106292 ,3.2948754,  2.4556904,1.4264394#9_12_1
2.2149956,2.777901 ,2.1438508,2.1029332,3.0166402,2.1553438,3.4972148,  2.3835363,1.5696852#9_13_1
2.2137885,2.9096708,2.1986122,2.0837991,3.026239 ,2.184912 ,3.5127368,  2.3618343,1.5751762#9_14_1
3.8270874,3.6105988,2.6564746,3.932475 ,3.9518466,2.8191824,4.9358115,  3.6777883,3.0774045#9_15_1
2.129483 ,2.545107 ,2.0923188,2.2000144,2.7285879,2.0494242,3.4936655,  2.48748  ,1.3123723#9_16_1
2.2934191,2.251529 ,1.8025062,2.1720724,2.8024855,1.9892247,3.4288626,  2.5298762,1.3811994#9_17_1
2.809473 ,3.1667552,1.9613465,2.7318575,2.7980008,2.6334498,3.9263427,  3.5580285,1.299843 #9_18_1
2.2150674,2.9082835,2.0219607,2.0866342,2.8654225,2.1791213,3.5117455,  2.3640075,1.572374 #9_19_1
3.0578234,3.0350327,1.9185296,2.7320147,3.110508 ,2.6885781,4.009817 ,  3.3908083,1.4966329#9_20_1
2.2296054,2.3905687,1.7739011,2.0937426,2.7378924,2.0084147,3.40658  ,  2.4720135,1.3632904#9_21_1
2.1521206,2.6340938,1.8179172,2.1814284,2.689404 ,2.0973678,3.5354447,  2.3986611,1.4617528#9_22_1
2.2167552,2.7940845,2.1170957,2.0889323,3.0237145,2.1591516,3.5142233,  2.3686092,1.5649343#9_23_1
3.4697974,3.63444  ,1.7391155,2.9043617,3.1704028,3.2166839,4.4410405,  3.3462605,1.8208153#9_24_1
2.2097006,2.8851056,1.623941 ,2.2748291,2.4641333,2.293316 ,3.5694277,  2.70393  ,1.2030126#9_25_1
2.2173655,2.9126215,2.1957965,2.085284 ,3.0261176,2.18374  ,3.5119674,  2.3641555,1.5726869#9_26_1
3.4377933,2.8254654,2.0960622,3.5881717,2.3934896,2.6783214,3.641112 ,  3.891289 ,1.5581181#9_27_1
2.6495068,2.5145292,1.7719502,2.7056112,2.5463738,2.0299563,3.6893573,  2.8261292,1.349195 #9_28_1
2.207193 ,2.902591 ,2.2004778,2.0874085,3.026235 ,2.1819215,3.5126617,  2.3605952,1.5754371#9_29_1
2.231094 ,2.672382 ,1.9145098,2.2286537,2.5172184,2.2683399,3.3403013,  2.548987 ,1.3041365#9_30_1
2.2008085,2.4564614,1.9357378,2.0615206,2.8016417,1.9754834,3.4382656,  2.4080274,1.3338008#9_31_1
2.384201 ,2.9294813,2.0562413,2.3812227,3.0691876,2.2378893,3.7866628,  2.7339015,1.5900486#9_32_1
2.1988435,2.7696424,2.2314088,2.1378224,3.0145862,2.198283 ,3.6148777,  2.4299572,1.4653937#9_33_1
2.2154934,2.7084866,1.9879576,2.0864925,2.9190753,2.1258857,3.4508154,  2.3659103,1.4419181#9_34_1
2.217594 ,2.8847008,2.1814587,2.0866494,3.0180051,2.1721416,3.5098834,  2.3610544,1.5660949#9_35_1
2.1971176,2.5227299,2.1376507,2.268569 ,2.8322263,2.010341 ,3.590186 ,  2.5813923,1.3659921#9_36_1
2.2174988,2.8852925,2.1930811,2.1167479,3.0469377,2.2203028,3.5494037,  2.3959432,1.5825719#9_37_1
2.226695 ,2.6286142,2.0661533,2.1335716,2.920647 ,1.9744394,3.5296767,  2.3998559,1.44648  #9_38_1
3.0071802,2.9020517,2.2375102,3.21708  ,2.8949578,2.3982058,3.8050978,  4.0011287,1.2410345#9_39_1
2.2012644,2.7285683,2.1012588,2.0853035,2.9055593,2.1013706,3.4822476,  2.3620417,1.4654096#9_41_1
2.1277752,2.9130614,2.1883564,2.136656 ,3.0157838,2.177995 ,3.6185372,  2.4124708,1.5256307#10_1_1
2.8388033,3.0013838,2.276911 ,2.975787 ,3.0637772,2.6409657,4.051916 ,  3.1182187,2.1367087#10_2_1
3.0700881,2.6762912,2.2316298,3.2869694,2.6288173,2.432815 ,3.4597778,  4.000471 ,1.3140563#10_3_1
2.7564187,2.7640812,2.214131 ,2.6162753,3.0954826,2.2343059,3.9169688,  2.747666 ,1.9267752#10_4_1
2.9645438,3.2752814,2.8017952,3.4113095,3.7366712,2.8085387,4.5759735,  3.086676 ,2.8938043#10_5_1
2.3936777,2.8301086,2.2460413,2.3263893,3.1939337,2.2251365,3.8467913,  2.6672118,1.6882148#10_6_1
2.869613 ,2.992487 ,2.2314813,2.7674396,3.332939 ,2.5721405,4.1146607,  3.080718 ,2.1854053#10_7_1
2.8064103,3.178685 ,2.4864767,3.1939414,3.4675543,2.3518884,4.4615116,  2.759964 ,2.5741158#10_8_1
2.5336843,2.91652  ,2.171526 ,2.4269583,3.1269572,2.1419423,3.7619393,  2.6575649,1.6710615#10_9_1
2.8981118,2.8858213,2.3042483,2.641639 ,3.3051627,2.3417296,3.9248517,  2.8490686,2.174866 #10_10_1
2.712932 ,2.9045522,2.244418 ,2.4926958,3.1805644,2.2408438,3.759151 ,  2.8257184,1.8794427#10_11_1
2.4760613,3.0486495,2.228285 ,2.4620428,3.2977421,2.4414048,3.8830945,  2.8728814,1.8231056#10_12_1
2.364876 ,3.0069892,2.1556191,2.4788947,3.1834311,2.2224522,3.7778   ,  2.8419855,1.7264284#10_13_1
3.377677 ,3.2576938,2.7909057,3.3334475,3.848092 ,2.6326454,4.7947726,  2.8271294,2.8278296#10_14_1
3.0236046,3.196815 ,2.8960273,3.1817865,3.6512508,3.0301049,4.3681917,  3.3432539,2.561297 #10_15_1
2.7076635,3.233469 ,2.638514 ,2.8862493,3.4543412,2.3847098,4.032225 ,  2.9119165,2.2411091#10_16_1
2.415732 ,2.926627 ,2.1112864,2.559366 ,3.163656 ,2.298192 ,3.8787756,  2.679497 ,1.8446852#10_17_1
2.557784 ,3.0070686,2.3233101,2.5629172,3.0167272,2.356164 ,3.816634 ,  2.9256809,1.9896894#10_18_1
2.8334105,3.3503072,2.5697124,3.01273  ,3.2754188,2.883315 ,4.035188 ,  3.0928745,2.4255774#10_19_1
2.3443682,3.0118597,2.2366881,2.322247 ,3.0447774,2.1942306,3.6944408,  2.5141852,1.8096304#10_20_1
2.7060654,2.8634143,2.165299 ,2.606038 ,3.2419758,2.3094807,4.075175 ,  2.5545602,1.92526  #10_21_1
2.545632 ,3.1055772,2.1239834,2.4313107,3.1749175,2.2556689,3.8178246,  2.801495 ,1.8301563#10_22_1
2.173636 ,2.8647761,2.1756496,2.1109836,3.0691242,2.1862335,3.7537777,  2.537764 ,1.6166621#10_23_1
2.3579698,2.951849 ,2.2746913,2.1823494,3.161264 ,2.3087914,3.7171862,  2.5191836,1.9359736#10_24_1
2.6104498,2.5275354,2.357551 ,2.5419762,3.2079902,2.170049 ,3.9413497,  2.5204222,1.7632592#10_25_1
2.9859135,3.082804 ,2.3151784,2.9602609,3.4948213,2.3761814,4.456526 ,  2.8502927,2.0261626#10_26_1
3.137767 ,2.8331382,2.332382 ,2.8508828,3.2150688,2.4434404,3.772904 ,  3.091721 ,2.2912662#10_27_1
2.7444375,2.99495  ,2.196712 ,2.5195754,3.4308321,2.3266385,4.036993 ,  2.8358545,1.859128 #10_28_1
2.478256 ,3.0676591,2.2078319,2.4424198,3.1306677,2.311015 ,3.7781248,  2.629842 ,1.7728938#10_29_1
2.382885 ,2.7894423,2.3565598,2.7382202,3.157636 ,2.1830153,3.977987 ,  2.5715704,1.9308093#10_30_1
2.252638 ,2.7988222,2.2645454,2.4384146,3.1286552,2.2861564,3.8384082,  2.679425 ,1.7758152#10_31_1
2.760116 ,3.114483 ,2.365966 ,2.988423 ,3.1932962,2.4975853,4.0854807,  2.837196 ,2.1910894#10_32_1
3.5331604,3.4174   ,2.5716615,3.311637 ,3.4431717,3.219886 ,4.259012 ,  3.4741251,2.7685213#10_33_1
2.992296 ,3.0156708,2.355792 ,2.9246154,3.342567 ,2.1494021,4.1493053,  2.860548 ,2.1986995#10_34_1
2.3823526,3.0232692,2.2613788,2.4646573,3.2494445,2.2148607,3.9210782,  2.7104893,1.8778044#10_35_1
3.1919374,3.8074555,2.606815 ,3.5369773,3.6394248,2.8254032,4.5116496,  3.3634424,2.677821 #10_36_1
2.799013 ,3.745565 ,2.6706486,3.1477826,3.334922 ,3.2269819,3.9550436,  3.5965948,2.6231277#10_37_1
2.2096977,2.92054  ,2.1411023,2.1490402,3.0872471,2.2556338,3.7327619,  2.5667598,1.5431596#10_38_1
2.332526 ,2.8386686,2.2030473,2.344625 ,3.1228702,2.2135365,3.8081083,  2.483349 ,1.7612232#10_39_1
2.4871893,3.074908 ,2.3258584,2.6152434,3.1625571,2.412782 ,4.0409384,  2.6805396,2.088896 #10_41_1
3.213559 ,2.8040423,2.2223678,3.3519037,2.774226 ,2.4243705,3.700507 ,  4.0846696,1.2409945#11_1_1
3.2031255,2.770946 ,2.2621417,3.35949  ,2.7175868,2.5217369,3.6210754,  4.0843735,1.3683469#11_2_1
3.1918988,2.7767491,2.239772 ,3.3371744,2.7337291,2.4461365,3.6358855,  4.0703974,1.2641696#11_3_1
3.177449 ,2.7528577,2.149324 ,3.266945 ,2.7226264,2.5412025,3.5890973,  3.8626616,1.4373533#11_4_1
3.172556 ,2.9107842,2.0083964,3.3314168,2.7883494,2.4011652,3.817209 ,  3.9137013,1.3020271#11_5_1
3.1020207,2.8286455,2.1602478,3.1961677,2.703367 ,2.5103593,3.5511076,  4.136018 ,1.466892 #11_6_1
3.2128494,2.880185 ,2.2346492,3.349664 ,2.8806288,2.4327548,3.7846029,  4.0822144,1.2421808#11_7_1
3.096817 ,2.8491523,2.0595753,3.2141547,2.815954 ,2.4039564,3.720944 ,  3.9600236,1.2628802#11_8_1
3.2193162,2.793283 ,2.240523 ,3.3853824,2.7055118,2.4848871,3.5650804,  4.213399 ,1.4347436#11_9_1
3.2137609,2.777485 ,2.238455 ,3.3508363,2.7905915,2.4375718,3.6789777,  4.0848536,1.2655485#11_10_1
3.158416 ,2.8107216,2.2308123,2.9616964,2.7747867,2.428486 ,3.7085464,  3.9949305,1.2520027#11_11_1
3.6087263,2.9034681,2.3947372,3.8191397,2.5337222,2.9266043,3.6957753,  4.1773667,1.818124 #11_12_1
3.3506348,2.7694533,2.3460994,3.5412874,2.6689951,2.6835861,3.5255115,  4.2664   ,1.5436039#11_13_1
3.0585046,2.926888 ,1.9269754,3.1464217,2.9236448,2.4652247,3.805279 ,  3.92734  ,1.1918851#11_14_1
2.9810967,2.8256495,2.173484 ,3.0433662,2.8720424,2.4325283,3.744552 ,  3.8742332,1.2417568#11_15_1
3.213642 ,2.7904785,2.2401197,3.36893  ,2.7012994,2.4583619,3.552436 ,  4.1541276,1.3649268#11_16_1
3.244628 ,2.7583833,2.2575977,3.400751 ,2.6938694,2.5056074,3.5837996,  4.1149626,1.3297454#11_17_1
3.005365 ,2.825273 ,2.1146865,3.1895883,2.7151768,2.4075913,3.727439 ,  3.8387947,1.2648528#11_18_1
2.9693372,2.8718443,2.1641824,2.919835 ,2.8659356,2.4413116,3.7728417,  3.8404562,1.2023865#11_19_1
3.126877 ,2.9084592,2.1605067,3.2432423,2.8370636,2.446258 ,3.7852814,  3.9424536,1.2888645#11_20_1
3.026896 ,2.887324 ,2.295353 ,3.0880814,2.9797928,2.686103 ,3.8213625,  3.8704338,1.4970086#11_21_1
3.2127478,2.776697 ,2.2265198,3.3528657,2.6895993,2.4383552,3.6113803,  4.0770755,1.2570771#11_22_1
3.2421675,2.8007922,2.2618551,3.3775647,2.6792495,2.469216 ,3.5331647,  4.177478 ,1.3911362#11_23_1
3.2241886,2.7919915,2.1956623,3.3516269,2.783561 ,2.450036 ,3.6981223,  4.06524  ,1.2769891#11_24_1
3.1480317,2.823577 ,1.9844061,3.277591 ,2.6092324,2.4474978,3.766338 ,  3.860263 ,1.2885847#11_25_1
2.2212958,3.033741 ,2.0167265,2.4948375,2.9333012,2.1484303,3.7504091,  2.840331 ,1.4348357#11_26_1
3.2164464,2.793401 ,2.2393427,3.3539214,2.774452 ,2.4466364,3.6750362,  4.0856833,1.2703191#11_27_1
3.5339375,2.8030484,2.5088751,3.700154 ,2.702874 ,2.8633206,3.544017 ,  4.411161 ,1.7235444#11_28_1
3.2170217,2.7752447,2.2407146,3.4469743,2.6811135,2.5596943,3.528618 ,  4.1610956,1.3816912#11_29_1
2.6771045,3.0219336,2.0288136,2.6765163,2.6141193,2.4561663,4.069361 ,  3.3625088,1.4664836#11_30_1
2.950493 ,2.757033 ,2.2466679,3.032033 ,2.7233791,2.4874792,3.580979 ,  3.8991847,1.2442403#11_31_1
3.2264206,2.774953 ,2.2469175,3.3645136,2.6842067,2.461014 ,3.5828106,  4.103028 ,1.2977248#11_32_1
2.2437868,2.7570596,2.0269895,2.6371078,2.5550745,2.3081057,3.6999462,  3.1879873,1.4837282#11_33_1
3.2159872,2.7740896,2.2385406,3.358079 ,2.70946  ,2.4541757,3.5976393,  4.0819993,1.273628 #11_34_1
3.2487934,2.7553132,2.2625535,3.4108465,2.6777074,2.5234072,3.5423949,  4.1143756,1.3353046#11_35_1
2.201096 ,2.8361173,2.1678736,2.1302054,3.0514085,2.0807445,3.5955293,  2.5075111,1.5772307#11_36_1
3.2000072,2.7688568,2.2395527,3.3384023,2.7360122,2.4389925,3.6400545,  4.075096 ,1.2774249#11_37_1
3.2146952,2.7621021,2.2267108,3.3526585,2.7090266,2.4403985,3.6080859,  4.0780625,1.2682015#11_38_1
3.2477655,2.7925854,2.1530237,3.5587246,2.6393583,2.6115053,3.6375363,  4.179961 ,1.5774108#11_39_1
3.1892545,2.860678 ,2.2385738,3.3265026,2.8557374,2.433549 ,3.7591116,  4.0641317,1.2443591#11_41_1
3.501941 ,3.0860221,2.572991 ,3.1488667,3.6041794,2.6150005,4.5730076,  2.8852656,2.541876 #12_1_1
2.7133632,2.8185182,2.1784875,2.8245904,3.235202 ,2.4050744,3.8893616,  3.0216873,2.285252 #12_2_1
2.5676906,3.1383314,2.3691459,2.7270563,3.177369 ,2.3056614,3.9460838,  2.693849 ,1.8926871#12_3_1
3.1769085,2.6968174,2.5013185,2.5266876,3.5231   ,2.4794276,4.2377257,  2.6221564,2.1247015#12_4_1
2.8749044,2.8015726,2.2641094,2.475396 ,3.3095644,2.2408347,3.910242 ,  2.850965 ,1.794304 #12_5_1
2.3814974,2.916954 ,2.2093942,2.3756304,3.1672797,2.204362 ,3.7744994,  2.5808158,1.6844952#12_6_1
2.9021645,2.861281 ,2.2667143,2.4775136,3.2030282,2.4839118,3.8105478,  2.7648969,2.0460892#12_7_1
2.6593668,2.795317 ,2.2317731,2.4345496,3.2456822,2.2456825,3.8857422,  2.7145276,1.8733255#12_8_1
2.7952425,2.8942192,2.2621717,2.7189639,3.1613297,2.1870718,4.027958 ,  2.6068356,1.8239521#12_9_1
3.399313 ,2.942983 ,2.6767406,3.145029 ,3.625971 ,2.4920175,4.4190354,  2.9038854,2.4278226#12_10_1
2.7989254,2.787153 ,2.3135078,2.8371134,3.152425 ,2.1542332,4.2248564,  2.653028 ,2.2214012#12_11_1
2.5219893,3.044256 ,2.2159436,2.327395 ,3.3176558,2.1933367,3.8700469,  2.5300298,1.7782551#12_12_1
2.7859054,2.790505 ,2.3197868,2.853794 ,3.141102 ,2.2114718,4.1092   ,  2.5403767,2.0083027#12_13_1
2.2648106,2.898996 ,2.1606321,2.193797 ,3.069211 ,2.2183304,3.732116 ,  2.2643018,1.749631 #12_14_1
3.1000996,2.4584305,2.2506833,2.8916678,3.1362822,2.1355236,3.9656243,  3.0910132,2.0340824#12_15_1
2.9231706,2.8776574,2.2337747,2.6579826,3.2937768,2.1456068,4.037915 ,  2.7079341,1.835772 #12_16_1
2.742777 ,2.8274   ,2.2252557,2.6221287,3.3199751,2.0376718,4.0166225,  2.739225 ,1.7595665#12_17_1
3.2000723,3.0432065,2.3680723,3.0117617,3.4327426,2.3072734,4.326551 ,  2.872954 ,2.4399574#12_18_1
2.7493563,2.8564584,2.2350254,2.6730647,3.3055031,2.1995034,3.9653513,  2.5953853,1.9769936#12_19_1
2.794313 ,2.9856634,2.2143877,2.9663706,3.1275823,2.8506174,3.9389803,  3.410604 ,1.9519849#12_20_1
2.8980865,2.772499 ,2.1339312,2.5860057,2.9794993,2.1834197,3.6527615,  2.7617157,1.7769582#12_21_1
3.3563776,2.933247 ,2.408198 ,3.145729 ,3.3399398,2.5054243,4.4009776,  2.839268 ,2.4345279#12_22_1
2.3480754,2.800255 ,2.2053344,2.250364 ,3.0826244,2.1664712,3.698845 ,  2.470419 ,1.655328 #12_23_1
3.016612 ,2.703782 ,2.3640692,2.819645 ,3.2007084,2.2788715,4.0941534,  2.4453132,2.1665075#12_24_1
2.4645612,3.015254 ,2.2554228,2.550704 ,3.127643 ,2.4112024,3.9633074,  2.816641 ,2.0360935#12_25_1
2.6848009,2.7067707,2.1809692,2.5816133,3.101843 ,2.2789342,3.7560477,  2.687665 ,1.8981422#12_26_1
2.7114751,2.7256823,2.276552 ,2.351203 ,3.3341565,2.1335413,3.9737086,  2.6001663,1.6281294#12_27_1
2.750598 ,2.956454 ,2.3688262,2.907484 ,3.2743065,2.25897  ,4.157465 ,  2.7190633,1.9940674#12_28_1
2.41054  ,2.7616997,2.1647782,2.2058346,3.236758 ,2.3466678,3.8006728,  2.401525 ,1.8145244#12_29_1
2.642798 ,2.825764 ,2.3092158,2.6216285,3.1862297,2.1890085,3.8854415,  2.60702  ,2.0083406#12_30_1
2.9114604,2.8855388,2.2880175,2.5999243,3.3285997,2.1479964,3.9272215,  2.6785715,1.9386413#12_31_1
3.2612433,3.0250633,2.4938276,3.1765585,3.0796041,2.6070666,4.0353374,  2.8243108,2.5076861#12_32_1
3.4458313,2.6096895,2.2481   ,3.1245065,3.1661243,2.5805376,4.24926  ,  3.3158689,2.4183767#12_33_1
2.51588  ,2.98298  ,2.3276231,2.5856283,3.1306863,2.2158701,3.926215 ,  2.5716732,1.776725 #12_34_1
3.0604222,2.8970206,2.4618614,3.1749513,3.126313 ,2.2656715,4.293746 ,  2.6621304,2.223513 #12_35_1
3.072712 ,3.079801 ,2.2564502,3.003524 ,3.3326907,2.5963633,4.2489223,  2.940464 ,2.2420013#12_36_1
3.1308718,2.9672332,2.5388806,2.9642668,3.6379268,2.6098614,4.4318876,  2.7609134,2.6689887#12_37_1
2.849726 ,2.6108105,2.2652245,2.543897 ,3.329543 ,2.1422293,4.0776505,  2.6019788,2.0047874#12_38_1
2.963354 ,2.8820355,2.1784887,2.8195758,3.069415 ,2.258111 ,4.0646234,  2.95742  ,1.8599583#12_39_1
2.861841 ,2.542601 ,2.324112 ,2.4746826,3.4607723,2.082911 ,4.1361504,  2.5375433,1.6916919#12_41_1